      79  -0.009 -0.0355 -0.0019
      93 -0.0037 -0.0293 -0.0012
     112 -0.0052 -0.0259 -0.0072
     127  0.0057 -0.0079 -0.0078
     146  0.0171  0.0309  0.0011
     162    0.01  0.0046  0.0192
     174   0.006 -0.0099  0.0023
     194  0.0125 -0.0518  0.0227
     211  0.0388 -0.0243  0.0037
     225 -0.0095 -0.0007  0.0029
     244  0.0035 -0.0108 -0.0062
     261  0.0104 -0.0122 -0.0123
     281  0.0135 -0.0037 -0.0233
     302  0.0137  0.0047 -0.0234
     309 -0.0166 -0.0104 -0.0125
     321 -0.0235 -0.0003 -0.0127
     331 -0.0305   0.003 -0.0132
     346 -0.0349  0.0059 -0.0134
     362 -0.0433  0.0145 -0.0117
     369 -0.0391   0.019 -0.0094
     381  -0.042  0.0036 -0.0067
     395 -0.0338  0.0017 -0.0136
     412 -0.0365  0.0001 -0.0162
     437 -0.0328 -0.0047 -0.0162
     443 -0.0305 -0.0087 -0.0182
     463 -0.0145 -0.0095 -0.0261
     477 -0.0036   0.001 -0.0213
     497  0.0046 -0.0012 -0.0224
     516  0.0037  -0.006 -0.0169
     535  0.0117       0 -0.0141
     547  0.0103 -0.0036 -0.0142
     561  0.0217  0.0037 -0.0101
     568  0.0249       0 -0.0067
     579  0.0229  -0.015  0.0052
     589  0.0216 -0.0146  0.0045
     603 -0.0015 -0.0044  -0.006
     622 -0.0077 -0.0065 -0.0183
     646 -0.0067 -0.0086 -0.0172
     670 -0.0141 -0.0146 -0.0201
     676 -0.0254  -0.021 -0.0086
     687 -0.0377  0.0041 -0.0286
     703 -0.0009 -0.0032 -0.0373
     725 -0.0047  0.0072 -0.0396
     735  0.0071  0.0322 -0.0553
     749 -0.0015  0.0307  -0.048
     763  0.0003  0.0331 -0.0403
     773 -0.0169  0.0323 -0.0695
     780 -0.0057   0.005 -0.0733
     790  0.0115  0.0142 -0.0611
     809 -0.0241  0.0225 -0.0756
     823 -0.0276  0.0101 -0.0415
     845 -0.0461  0.0035 -0.0233
     863 -0.0393 -0.0034 -0.0207
     882 -0.0405   -0.01 -0.0105
     903 -0.0497 -0.0093 -0.0071
     915 -0.0519 -0.0012 -0.0067
     926 -0.0558 -0.0129 -0.0009
     937 -0.0555 -0.0242 -0.0145
     959 -0.0438 -0.0079 -0.0122
     970 -0.0426   0.017 -0.0155
     994 -0.0342  0.0207 -0.0137
    1008 -0.0461  0.0133 -0.0147
    1029 -0.0646  0.0239 -0.0228
    1044 -0.0978 -0.0029 -0.0543
    1066 -0.1154  0.0441 -0.0596
    1078 -0.0744  0.1326 -0.0291
    1085 -0.0218  0.0046 -0.0485
    1099 -0.0269  -0.026 -0.0382
    1121 -0.0095  -0.038 -0.0304
    1137 -0.0039 -0.0657 -0.0228
    1152  0.0131 -0.0844  0.0222
    1169  0.0273 -0.1284  0.0295
    1183  0.0569 -0.1551  0.0288
    1204  0.0955 -0.1962  0.0064
    1220  0.0567 -0.2235 -0.0006
    1231  0.0091 -0.2002  0.0257
    1238 -0.0071 -0.1509  0.0031
    1252  -0.001 -0.0655  0.0004
    1268  0.0042  -0.054 -0.0219
    1279 -0.0046 -0.0222 -0.0153
    1286 -0.0071   -0.01 -0.0137
    1306 -0.0058 -0.0083 -0.0265
    1326 -0.0115   0.014 -0.0178
    1337 -0.0256  0.0067   -0.01
    1359 -0.0316  0.0075 -0.0106
    1371 -0.0327  0.0095  -0.005
    1390 -0.0279  0.0035 -0.0032
    1406 -0.0302  0.0034 -0.0042
    1420 -0.0266  0.0023 -0.0046
    1436 -0.0315  0.0028 -0.0054
    1443 -0.0351  0.0046 -0.0003
    1457 -0.0292   0.004  0.0047
    1476 -0.0308  0.0039  0.0061
    1487 -0.0285  0.0031  0.0073
    1514 -0.0272  0.0026  0.0025
    1520 -0.0204  0.0041 -0.0003
    1541 -0.0146  0.0051 -0.0017
    1563 -0.0129   0.002   -0.01
    1583 -0.0139 -0.0052 -0.0214
    1602 -0.0046 -0.0058 -0.0132
    1617 -0.0073 -0.0138 -0.0111
    1633 -0.0054 -0.0104 -0.0231
    1652  0.0054 -0.0039 -0.0318
    1664 -0.0151  0.0122 -0.0439
    1678 -0.0137  0.0311 -0.0354
    1692 -0.0237  0.0238  -0.039
    1699 -0.0265  0.0257 -0.0315
    1719 -0.0227  0.0324 -0.0153
    1742 -0.0222  0.0301 -0.0074
    1748 -0.0248  0.0261 -0.0345
    1762 -0.0161  0.0097 -0.0349
    1783 -0.0171  0.0009 -0.0342
    1797 -0.0078 -0.0028 -0.0284
    1807 -0.0092  0.0008 -0.0262
    1818 -0.0112 -0.0093 -0.0328
    1832 -0.0116 -0.0091 -0.0337
    1852  -0.015 -0.0069 -0.0347
    1864 -0.0101 -0.0065 -0.0291
    1871  -0.001 -0.0084 -0.0201
    1890  0.0003 -0.0035 -0.0102
    1909   0.008 -0.0067 -0.0055
    1916  0.0074  -0.008  -0.002
    1935  0.0129 -0.0057  0.0007
    1942  0.0151 -0.0065  0.0057
    1966  0.0282 -0.0155  0.0054
    1988   0.037 -0.0122   0.006
    2000  0.0383  0.0073   0.006
    2019  0.0447 -0.0103  0.0126
    2030  0.0561 -0.0105   0.025
    2049  0.0643 -0.0097  0.0027
    2056  0.0496 -0.0185  0.0031
    2067  0.0424 -0.0038  0.0091
    2083   0.011 -0.0148  0.0071
    2103 -0.0116  0.0084  0.0015
    2109 -0.0152  0.0037 -0.0013
    2128 -0.0156  0.0028  0.0004
    2144 -0.0128  0.0006  0.0045
    2160 -0.0189  0.0033  0.0032
    2175 -0.0187  0.0037  0.0039
    2194 -0.0143  0.0062  0.0082
    2216 -0.0176  0.0084  0.0096
    2230 -0.0225  0.0094  0.0088
    2247 -0.0198  0.0101  0.0113
    2261 -0.0208  0.0083  0.0083
    2283 -0.0161  0.0059  0.0096
    2302 -0.0121  0.0038  0.0163
    2317 -0.0059  0.0009  0.0129
    2331 -0.0074 -0.0036  0.0079
    2341 -0.0042 -0.0053  0.0021
    2360 -0.0051 -0.0095 -0.0019
    2380 -0.0014 -0.0137 -0.0024
    2394 -0.0017 -0.0158 -0.0059
    2414 -0.0039  -0.016 -0.0103
    2435 -0.0071 -0.0238 -0.0043
    2462 -0.0116 -0.0293 -0.0109
    2468  0.0002 -0.0443 -0.0156
    2484 -0.0078 -0.0623 -0.0268
    2502  0.0083 -0.0553  -0.019
    2514  0.0201 -0.0446 -0.0061
    2536  0.0104 -0.0269 -0.0029
    2554 -0.0043 -0.0158 -0.0102
    2568 -0.0056 -0.0144 -0.0124
    2575  -0.004 -0.0202  -0.008
    2595 -0.0025 -0.0185 -0.0027
    2614 -0.0012 -0.0154 -0.0032
    2628 -0.0036 -0.0114 -0.0022
    2647 -0.0039 -0.0116 -0.0022
    2654 -0.0032 -0.0119 -0.0004
    2661  0.0035 -0.0114 -0.0097
    2680 -0.0011 -0.0105 -0.0122
    2695  0.0054 -0.0093 -0.0195
    2710   0.005 -0.0181 -0.0207
    2734  0.0019 -0.0162 -0.0168
    2754  0.0032 -0.0123 -0.0186
    2775  0.0056 -0.0101 -0.0222
    2790  0.0111 -0.0078 -0.0199
    2805  0.0102 -0.0013 -0.0141
    2811  0.0049  -0.001 -0.0088
    2830  0.0039 -0.0004  -0.009
    2844  0.0071 -0.0009 -0.0019
    2865  0.0082  0.0016 -0.0002
    2880  0.0123 -0.0008  0.0026
    2902  0.0154  0.0012  0.0051
    2921  0.0131  0.0014  0.0029
    2935  0.0292 -0.0084  0.0325
    2953  0.0319 -0.0008  0.0321
    2965  0.0346  0.0108   0.013
    2984  0.0357  0.0094  0.0116
    3005  0.0268  0.0079  0.0011
    3029  0.0223  0.0235 -0.0017
    3046  0.0202  0.0202   0.002
    3065  0.0187  0.0194  0.0024
    3079  0.0191  0.0206 -0.0035
    3098  0.0197  0.0211  -0.004
    3110   0.018  0.0136 -0.0111
    3120   0.014  0.0237   -0.02
    3138  0.0124  0.0267 -0.0316
    3154  0.0129  0.0403 -0.0483
    3161  0.0191  0.0548 -0.0441
    3175  0.0252  0.0481 -0.0225
    3194  0.0262  0.0302 -0.0171
    3211  0.0326  0.0223 -0.0079
    3230  0.0324  0.0224 -0.0032
    3245  0.0282   0.021  0.0018
    3267  0.0261  0.0228 -0.0033
    3277  0.0194  0.0226 -0.0012
    3291  0.0202  0.0228 -0.0003
    3302  0.0214  -0.009  0.0136
    3321  0.0014 -0.0108  0.0066
    3337  0.0047 -0.0068  0.0044
    3350  0.0042 -0.0093  0.0037
    3361  0.0125  -0.005   0.006
    3368 -0.0054 -0.0002   0.023
    3382 -0.0006 -0.0099  -0.004
    3393   0.015  0.0221 -0.0081
    3403   0.014  0.0129 -0.0037
    3422  0.0152  0.0149 -0.0011
    3436  0.0117  0.0018  0.0025
    3460  0.0036 -0.0119 -0.0048
    3466  0.0057 -0.0267 -0.0186
    3480  0.0009   -0.07   0.016
    3492 -0.0184 -0.0386  0.0604
    3512 -0.0155  0.0082  0.0424
    3531 -0.0102 -0.0241  0.0363
    3545 -0.0267  -0.044  0.0856
    3567 -0.0558  0.0081  0.0981
    3584  -0.041  0.0404  0.0612
    3603 -0.0346   0.011   0.073
    3620 -0.0553  0.0451  0.0808
    3634  -0.059  0.0821  0.0763
    3653  -0.049  0.1222  0.0678
    3665  -0.041  0.1272  0.0521
    3681 -0.0237  0.0885  0.1162
    3700  0.0005   0.067  0.1338
    3722  0.0612  0.0483  0.1596
    3746  0.0698   0.041  0.1733
    3752  0.1096  0.0524   0.136
    3772  0.0899  0.0299  0.1096
    3799  0.0676  0.0241  0.0913
    3805  0.0425  0.0233  0.0736
    3825  0.0206  0.0444  0.0702
    3846  0.0171   0.045   0.066
    3862  0.0045  0.0538  0.0403
    3876  0.0004  0.0435  0.0201
    3895 -0.0032  0.0208  0.0088
    3905 -0.0141  0.0317 -0.0107
    3919  0.0012   0.039 -0.0011
    3933  -0.003  0.0433 -0.0063
    3944  -0.001   0.043 -0.0025
    3966  0.0054  0.0367 -0.0047
    3993  0.0029  0.0325 -0.0107
    3999  0.0058  0.0183 -0.0201
    4013  0.0037  0.0205 -0.0187
    4033  0.0042  0.0216 -0.0185
    4048  0.0075  0.0143 -0.0126
    4068  0.0112  0.0178 -0.0066
    4082  0.0085  0.0234  0.0004
    4093 -0.0034  0.0186 -0.0087
    4108  0.0035  0.0116 -0.0138
    4122  0.0063  0.0161  -0.008
    4129  0.0061  0.0098 -0.0153
    4151  0.0033  0.0085 -0.0173
    4172  0.0033   0.014 -0.0189
    4186  0.0017  0.0107 -0.0193
    4205  0.0045  0.0064 -0.0258
    4228  0.0068  0.0057 -0.0097
    4234  0.0138 -0.0062 -0.0142
    4249  0.0169 -0.0099 -0.0124
    4270  0.0078  -0.002  0.0041
    4291   0.008 -0.0067  0.0025
    4310  0.0175 -0.0392    0.02
    4327  0.0281 -0.0115  0.0348
    4345  0.0814 -0.0044  0.0838
    4364   0.092  0.0516  0.1003
    4379  0.1048  0.0455  0.0455
    4391    0.07 -0.0085  0.0728
    4407  0.0317  0.0132  0.0631
    4422  0.0274  0.0101  0.0466
    4428  0.0097  0.0162  0.0236
    4435  0.0149  0.0224  0.0379
    4454  0.0162  0.0131   0.039
    4464   0.025  0.0141  0.0554
    4481  0.0143  0.0175  0.0405
    4500  0.0387 -0.0008  0.0124
    4514  0.0163 -0.0142  -0.002
    4533  0.0045 -0.0121 -0.0008
    4552  0.0105  0.0046  0.0069
    4559  0.0134 -0.0035 -0.0094
    4578   -0.03  0.0406  0.0343
    4590 -0.0351   0.033  0.0006
    4618 -0.0649  0.0076 -0.0165
    4624 -0.0298  0.0307  -0.003
    4648 -0.0004  0.0178  0.0038
    4654  0.0122  0.0144  0.0016
    4668  0.0203  0.0086  0.0007
    4688  0.0149  0.0092 -0.0001
    4707  0.0009  0.0113  0.0022
    4726 -0.0016   0.003  0.0042
    4733  0.0056 -0.0037  0.0035
    4754  0.0037  -0.002   0.003
    4760   0.001 -0.0006 -0.0035
    4780  0.0002 -0.0106 -0.0027
    4797 -0.0012 -0.0137 -0.0093
    4821  0.0016 -0.0086 -0.0146
    4843  0.0016 -0.0082 -0.0115
    4864   0.001  -0.011 -0.0101
    4884  0.0021 -0.0095 -0.0044
    4898  0.0018 -0.0092 -0.0038
    4914  0.0022 -0.0087 -0.0014
    4934  0.0032 -0.0164  0.0011
    4946  0.0064  -0.017  0.0061
    4967  0.0068 -0.0161  0.0114
    4979  0.0096  -0.013  0.0069
    4993  0.0104 -0.0063  0.0113
    5011  0.0096 -0.0052   0.006
    5022  0.0072 -0.0038  0.0004
    5038  0.0038 -0.0045 -0.0032
    5045   0.003 -0.0024 -0.0084
    5064  0.0029 -0.0049 -0.0145
    5074  0.0034 -0.0074 -0.0179
    5093   0.002 -0.0127  -0.017
    5103  0.0052 -0.0173 -0.0208
    5125  0.0056 -0.0219 -0.0211
    5147  0.0061 -0.0333 -0.0222
    5161  0.0023  -0.029 -0.0208
