PRINT W_STRIDE 50
HILLS RESTART W_STRIDE 10000 HEIGHT 0.5
WELLTEMPERED SIMTEMP 298 BIASFACTOR 10

DISTANCE LIST <f1> <g1> SIGMA 0.02 NOPBC
DISTANCE LIST <f1> <g2> SIGMA 0.02 NOPBC

f1->

535 3337

f1<-

g1->

1008 1029 1044 1066 1078 1085 1099 1121 1137 1152 1169 1183 1204 1220 1231 1238 1252 1268 1279 1286 1306 1326 1337 1359 1371 1390 1406 1420 1436 1443 1457

g1<-


g2->

4422 4428 4435 4454 4464 4481 4500 4514 4533 4552 4559 4578 4590 4618 4624 4648 4654 4668 4688 4707 4726 

g2<-


UWALL CV 1 LIMIT 2.05 KAPPA 5000.0 EXP 4.0
LWALL CV 1 LIMIT 1.60 KAPPA 5000.0 EXP 4.0

UWALL CV 2 LIMIT 1.75 KAPPA 5000.0 EXP 4.0
LWALL CV 2 LIMIT 1.35 KAPPA 5000.0 EXP 4.0


ALIGN_ATOMS LIST <prot>
prot->
5 24 31 42 53 67 79 93 112 127 146 162 174 194 211 225 244 261 281 302 309 321 331 346 362 369 381 395 412 437 443 463 477 497 516 535 547 561 568 579 589 603 622 646 670 676 687 703 725 735 749 763 773 780 790 809 823 845 863 882 903 915 926 937 959 970 994 1008 1029 1044 1066 1078 1085 1099 1121 1137 1152 1169 1183 1204 1220 1231 1238 1252 1268 1279 1286 1306 1326 1337 1359 1371 1390 1406 1420 1436 1443 1457 1476 1487 1514 1520 1541 1563 1583 1602 1617 1633 1652 1664 1678 1692 1699 1719 1742 1748 1762 1783 1797 1807 1818 1832 1852 1864 1871 1890 1909 1916 1935 1942 1966 1988 2000 2019 2030 2049 2056 2067 2083 2103 2109 2128 2144 2160 2175 2194 2216 2230 2247 2261 2283 2302 2317 2331 2341 2360 2380 2394 2414 2435 2462 2468 2484 2502 2514 2536 2554 2568 2575 2595 2614 2628 2647 2654 2661 2680 2695 2710 2734 2754 2775 2790 2805 2811 2830 2844 2865 2880 2902 2921 2935 2953 2965 2984 3005 3029 3046 3065 3079 3098 3110 3120 3138 3154 3161 3175 3194 3211 3230 3245 3267 3277 3291 3302 3321 3337 3350 3361 3368 3382 3393 3403 3422 3436 3460 3466 3480 3492 3512 3531 3545 3567 3584 3603 3620 3634 3653 3665 3681 3700 3722 3746 3752 3772 3799 3805 3825 3846 3862 3876 3895 3905 3919 3933 3944 3966 3993 3999 4013 4033 4048 4068 4082 4093 4108 4122 4129 4151 4172 4186 4205 4228 4234 4249 4270 4291 4310 4327 4345 4364 4379 4391 4407 4422 4428 4435 4454 4464 4481 4500 4514 4533 4552 4559 4578 4590 4618 4624 4648 4654 4668 4688 4707 4726 4733 4754 4760 4780 4797 4821 4843 4864 4884 4898 4914 4934 4946 4967 4979 4993 5011 5022 5038 5045 5064 5074 5093 5103 5125 5147 5161  
prot<-

ENDMETA
