RESTART
MOLINFO STRUCTURE=prot0.pdb
WHOLEMOLECULES ENTITY0=1-5155 ENTITY1=5156-5255
c1:   COM ATOMS=167,169,171,174,177,178,179,182,183,198,200,202,204,208,211,215,216,217,219,221,224,227,228,232,233,509,511,513,516,517,518,519,520,542,544,546,549,551,55,115,1160,1162,1165,1166,1168,1170,1171,1173,1175,1177,1178,1179,1181,1183,1185,1189,1193,1194,1675,1677,1679,1682,1683,1685,1687,1689,1691,1693,1694,1724,1726,1728,1730,1734,1736,1737,1808,1810,1812,1815,1816,1818,1820,1822,1824,1826,1827,1847,1849,1851,1853,1857,1860,1864,1865,2960,2962,2964,2967,2968,2970,2972,2973,2975,2977,2979,2980,3278,3280,3282,3284,3288,3291,3295,3296,3313,3315,3317,3320,3321,3322,3324,3325,3337,3339,3342,3343,3344,3346,3348,3350,3354,3356,3357,3358,3360,3362,3365,3367,3368,3398,3400,3402,3404,3408,3410,3411,4509,4511,4513,4515,4519,4522,4526,4527,4535,4537,4539,4542,4544,4548,4552,4553,4566,4568,4570,4573,4574,4576,4578,4580,4582,4584,4585,4664,4666,4668,4670,4674,4677,4681,4682
c2:   COM ATOMS=5156,5157,5158,5159,5160,5161,5162,5163,5164,5165,5166,5167,5168,5169,5170,5171,5172,5173,5174,5175,5176,5177,5178,5179,5180,5181,5182,5183,5184,5185,5186,5187,5188,5189,5190,5191,5192,5193,5194,5195,5196,5197,5198,5199,5200,5201,5202
d1: DISTANCE ATOMS=c1,c2

METAD ...
ARG=d1
SIGMA=0.011
HEIGHT=1.2
PACE=500
BIASFACTOR=10
TEMP=300
LABEL=metad
... METAD

PRINT ARG=d1,metad.* STRIDE=500 FILE=COLVAR
